$ANSIBLE_VAULT;1.1;AES256
66653461663433393965366434626666616465383033333530326264306536303639316333326663
6461633364376635353665316632663039363032653833620a633961313465313137353463653065
34303434393931656337643766653464626465663931646136353936656465326532323535633231
3062303839623966300a316234313865346239383433363762323030356562316335666164666439
32343331373739343230663632383532303164356338306631333735623937363837366630643963
32373264333862643564666335366432333032343732393465303331336565633037663133363732
64616264663966636464643930346364356332343165633735643335663539393838616635353331
35343066373938373738666333326661333965666237626638316164336136336631333538623962
33343166613936646333343130373365643036383834316666326537653238643131663430393430
37393134383733376231333865653136316132636564343035353862636637346464316631336237
36616237663166363264363765633062636564613234333032306133373730623863353131623031
38386430356161653766313763383731396564666330633063313532643439643061323737343633
32633031343731326336383665636162643730356164356263613662643462353639353836643533
32383763356132623433383361643833613134653637383835333535643665633736623937383639
38386662643131653533653332643334653939666435653038303433306132643863613666373264
36303835326232656439646363373536633135613633663034393839363963303761343666393361
31346335303538366462363530626136626263343431313263303137373066376436396463633737
61303862656234353836383561363961306637333137663934353963613862336530623633636164
61333361323631646136343465366164386136396365663966396338393161373836363431306161
66373632306638373564616432326632343932386431666334376630613761633833303462643031
32386435383833323763376337313532393836393339643736393239653730373438643164616230
32336238646162633931373962343334613634353666326439626565646562393663633465323434
31366137323130383632353663616138623537336639393330333937633231626564646565363033
37336134613461313032353335366635626531303266663633303632363937343164353962643065
62616637663634363532366662396664306539616661323830356136376631363265663636313333
39343564323538663331643565316535313566356135313861646563373030633465333233636131
32376630306161393162653266626236616263633030663739343832653861353235383964396364
34383266643762336235346563613737316237326661383565623637363938613134373763373466
33383333313233653131386136303233666135393831663034353066323839333930316237303833
61313735663036663431326530613964393532373638396630633833396539616534323733323332
30643231386635396362643362306333666264663938613031616533626533346263373166326139
34346333616166636662616363303038333238313434643435393033643830313632623433366234
38366333373336613931343330626563613933626139313761306235613530663739343937393730
33356363303464636535333032613139336262313630306162306130353835353931613439616362
65386339363033616261316538383865323136633238636131373066383731306363333236366336
62393739303264383766356562393062653338306361616461636531313036373635343765363038
34626161386234666431663334633231343063396436653439323536633562336431636439393530
64653639386332613461313361646461343433643565396663656264663837396263383630333631
36356531316536636238393131613234663033323734333230353366333235666564646362646236
66303436323861346333343765366332316438376561656531613866656235643161656664613436
32313735666430353739336131333734636637313131303930383536376661316363306239346664
32653566353139326261616430643561616532353863303563323234383935376439653239333564
64346266343734643039376434353636386161616339396564306564333039333332663238316232
65313238386262313137383066646236663534366134366230393538323636633961646564356261
62376366656361316662643166633361343165316132373831336230643736663432363565383131
61393161346137333734323936643662313236316462633836616663356639363036316631366335
33616538643661376335326562636130333837343031623633376231646536646166323230393166
34643132313430373233346363306430326430383336363266626634363861663338636565393563
62386164386432666633643839323964366537303265663461373862363166613766616531353033
64613563636363646134306432393830396533383865316238323830386630616236343165356633
34363533343966383835623963643364626563663435616334613065663037633436636636393335
66636536383863313263633664343732623837386263613166633632306466303232623630636631
35623461623862636231663661313363323662666364623337343162353639326265326162333035
65613636376430636337613937353838386136356432643836616535643065623232336463343764
65666335393434616663643631363831333238323338653630646232353963646265383334643163
61636166363062366137366136306638356565303439373432383330643263343164373561623463
38333838643463663764343933396333353034333138623236383631396161336436376637373432
39663733366230643433393035393437613932316533356662376234306361353334616262323662
30366434643033333630376634623439316165316633626239646132323932613162346562616262
31656431633364643034356132356561636365663633366131323733626566356235393666393334
33616533383334363837653535656337633963643665376631363062653335323930306430623530
61623930316231323264366264653361643138623538366138333436616336366236636464396532
31383862646366363737643934333635363933306161623434633263366638303962633033363231
39383263363036636665623832376332373361396161383438643937306130323139386239616338
62623965353430336130643064383438373665386337663437373334623531303264653332303862
32656536376166643365666266633036343261373063353165323361366530306561363963376532
38623835396431386231633164353731313535653534383962656136303232393566333338646532
32636335373439656433663035366330653265363464303863343933303033653636396139636532
30313236323436623962353061663632393566373839653331346330626534393437396139313333
65613131623433356638386130646361626238623837346230333232316532616665653563646632
61303264353532656331393333323234376433633738396563633964383437353430343165373237
32383764373930333162646634656265343866326463613633303164613861633234333765633937
38646261613139646639353433653961616465373733306133633739666637386361353835343665
37383434373665396233363666306634343465353338636136323036633232356532353465393931
66383962393762633738373839663163376237393630613265643166306132306362353862623234
64663037383133613663363965643862343365376161636331323735613663643061336632323138
65366436303535643330623034616335656434326130633734323036383331373266623336323062
31366532363166386566653032623132363537633831636366613439373365373063316633326536
62626266333764326139306231653431623662386266636433373836636334306538336162326532
61393765383265386339613365366338383734356533326636343363386564626361363636303235
62623362303763383861613338333730313961303964346162343230666534316365666663373638
37396234616534653239633932626233656264623730666665663539376365336535333738626665
38623133653735616431383762326437653461643136656664666634316233343434656566323263
62323937663531626236663131386163366337643132633866666463636361343536386365663935
61383638383539353866356164343666353734343636326133343563303266623666316137646434
30336534313835313462386538646336323234356366653238373332326136313338303732326435
38353035623737363663613661303131366636366263333062393364333531363266366461373936
31633963646537613837323630353733373836646565396137373763633031303937623432366630
66373662393637633636313633316335323439386430353634373136656633306564613437353737
62363839363562323165663435343638326465323734613338666631373333383265363034623261
31376534323866643434363631323233623065346666656135336330313963316662393731636530
39386561383930316631636538633736353934303763633337386633393436393431323938336634
36666536653166636637666466616463393063333731666461326664313062316233353131613261
35333230613564353530323936303831373466653061383439333065623331616262363664313934
38386134363338653031323035313763613462373865363439633564666432353831343536383464
33303039616235373062373135303064326262636531303930663432623266386337316635663666
39386234646633626439313036303531663035303530353062323263323435353165653132646361
63653765616436383136373032626331653934363262656466666632386664316534333465333932
62316262643464633661633032346339663561313439666330633739383365333465383432393265
33363238376136333831373737326439383166383164653338316236346634636566363235613162
63336666303239386137646136666531666433303231326636333264616361653839356161613634
61386138336532323638376337663036623630343638623662656533396138666231323839613732
38613764643662323634343537356639663063326430356262396134643666626266643061396166
62343838393334383635626235643536306365346432323432663061333934353765373531643535
34316661383733623236656461626232373736363661626639666364333435633036303538326662
64316162326338663863396163396233303337316532623563623936303461336531663565613730
63623338656563393361303564323231616666633730643035313061326564376431383363303663
64323836633336623038623930323333356535393538653930633838393338623431303836323438
64376364343261663339376131666163336133383165333266633936623431363639643630323964
32666438356463306361363331616362656338663065663831383537326635373438633537363363
32363065383638623764333232663332663438616662313664666237356631303537653736663263
61376333346635666562623439363836366233353362363036313035636564396463386165363531
30366631313062333265643033663964636461343031303232323135656362653261376332303762
63326336343364383831613235326532386166316130316661353364346566383933656230343935
63613033383366336133326436613432316132616132616364623633393037386637643031313564
38343232636135326437646330383662633463653461303963383464396137316331333431303566
62653561393163613330643939643163663139373935633132633631613035343166663137363932
38383964353766356335643536623636616430306361353961323765316538613061623331373035
38353536656434656139303262323035373038336232373538313434666638313737303639373065
32306139343138313132303461303134613765336530353362613863366563396535633933636438
37663131346363373163373062316131636539323438646638653665663534383138313436343632
62643565393438396538646165613134346631326163303865393665313332666431633563393735
30343739326135303161343762326564343436373965623362623662303863313139363966636632
62643834333631396330393230393835663131653762346262373931366262306664633563653732
64646536373861363762343638303233326361613334333639346564303631623435313637633564
31623331333634656464376663653139323731333161626533386664616236616435396532333635
65653166646235313163616264653438376665373032666632343530353738343833396439653334
62333662623035646164303465343763363336373239376539626162333137356262666238653536
66643665616264336465633163373561626430656439313233373661313731353563636639363530
64373933356537656437383863333934343063393862656663653333316662313138333039343937
35306431343436393439353864303137373035623632336131353263663337346133613533623265
66363337353337303166333039346432353835376434313535626130646532376565326665623938
39666661303461373463636663363066613162333739616161653930623239643839646437376534
38316139306335636335383339613262313335626134373033326461656435303362323333396131
30656666383533663866626435326433306565383737393666616532633136623938623166366162
38633435393664323232333339663739346462626634383033636264653764643038373633313138
65366462663836333737646432393733653865336263356539623864303436353230376364313631
38306435353435656139383539653836303730333532313462663136653265353364366439353738
36356431356163613037363764613866333339663965393538323536323939643536326263633333
35626631613036323034663164383163663335353732613532336333333663626539643937313364
64356238303935343634356639346633336434323063663236346639323961306537353835633232
35323234323565363265303065313531336530386438396337663235623138346130363830363739
65323038306633613436356264633462643330643761656364626664663161366135353738316531
63303466346163383732303937373935333434313232656161643533366330353538336331363436
66333737326336663363383064616466626432386464323039383633333263656165326264356431
35613633383661373938383232343464316165346533623439306534303663633162376634356561
33636331623765343865653132613333323831353632326434373764646133333963366466656165
64383964323237343765663565636161653930376236636466316161316538373263323365333262
35626664343334323931396539343862376664383032373732613233353831626531336632353837
36663536336533393564356133356662646330666639386136353239343236663737306164343132
31613431643138323631303733633833306538306365663132616433376639633666656130356237
39653066633237363034313166663564666261613330386131633232356661636234336163626431
37393637636663643030366338653730313361666264336534323735663838336337376562656234
64663939626332343139363139346631373963666136663232363064333337306634393462346333
61393138663838393739616230373830336430626430353764373831343437643832356165306630
33303136666561383635316465343565376562333961656339376164626634323563643161313730
65386634373262313066666663366630343463663837336537616631613737313034386433356436
62393066343532613266616165323662363961373761343033386436653962356363653264353934
63663062336561626433316238306363643866316363646536356635346464303730346333383930
36656538366337623134666661346438633535663430613362333538356664643536656532623861
61323764333866333861373431663366303162303265663131316462376433623538306563353563
34323364613932396434366132313963396630626632326162663962323464356535643563396338
35626362343761393862313366316536373235656138646466356638633730306263313361336530
66323433653661626361646539663465613761623135323637343564613863343234313366663634
37333464666435363461323865393935326539383134643864626233333730343134653136666132
32343132333034313965373262366163333665313139386332653831386337323230626337653362
61663031393266623666333838376438616666313361643637343361313639346563353264643738
63393561373334323733386163363466323866363936636437393937303938643935383932386163
35363361653262373165383635626230323766356237623666376531303134333432633966323166
35343334633066613932663532366338636566616266316165306563326439363661333334353034
31393834353635383339326664323730646363303938656437336162396361313361633765336136
66306535656533396134633736343330363538323337303461353762336437346231613961336235
31333366633337323063616436613335616633353630653630613664653838373536313463323561
38663432306233363062316664623661336162303330373538326436613537643431316439396632
63363830393539313534333063393264346435376365613132386562666164306437656264663434
64353366616439323639313066303666373338393664616538313164366136313764616537383635
30633836373433626434363939323666623866613361306530343862316135356133366566633232
35636636393138613934356362343237336530633562656231623439353637616438373438333532
34643236333839643539333732376133613461363638363763326239326538643030346237376538
37353039393832313831623766646633393331633266633564343130646434343261346534613862
37343530393462363131366138323130666265653239626437363536636362386236373365323266
33326239393131393564613233333864313661373037633831326434636265393261626363626439
66373638396430386334343763656436336331316332383730313665616366306464623739633137
38613465373662366630653565396534333362656136343136666432613238633837393436623035
30316665313761653233303032393862356137663032376338373231626632633663643934313164
36623965633936356638393535373764316163373830316231336236323761353230633663383362
36623834383265336564613734333338623831343261663138323736343963666234363230626238
38613632663439323930623032616162346636363937333534643135623937353238383635326663
66366266353961393738646161623637326334343630643161663164393139616537363335623331
34376462383635636565303438326337356264623035356233613538393532343230666432643661
35353833613333633030353039303334643431326164306634356632666266653562343235313938
31653361386363623239626434343334376131383362396234353262393462303536623364643265
63303861383263666131383965623033363730366137636132386364343538333939376636396536
3538643734363161306136393238346164386263353963616465
